Buffer	son	w/v(mg/ml)	Av0(J)	Av(J)	scrit (m)	Rpr(m)	ε0(F/m)	εr 	ψ0(V)	κ (1/m)	Y	kB(J/K)	T(K)	e[C]	v solv(m3/mol)	Φp	χ	w(m)	MWp(kg/mol)	ρp (kg/m3)	N	Rg(m)	ψagg(V)	σψagg(V)	φ
H2O	yes	0.0625	2.00E-21	2.95921E-20	2.28E-08	8.59886E-09	8.85419E-12	78.4	-0.2302	110859836.2	-6.613904224	1.38E-23	293	1.602E-19	0.000018	0.783469155	0.45	7E-10	0.1891	1660	8.93	2.47119E-08	-0.034248014	0.009462749	0.22
H2O	yes	0.125	2.00E-21	2.95921E-20	2.28E-08	8.77405E-09	8.85419E-12	78.4	-0.2778	110859836.2	-6.98534371	1.38E-23	293	1.602E-19	0.000018	0.781981794	0.45	7E-10	0.1891	1660	4.89	1.74655E-08	-0.04388933	0.010605428	0.35
H2O	yes	0.25	2.00E-21	2.95921E-20	2.28E-08	8.77405E-09	8.85419E-12	78.4	-0.2901	110859836.2	-6.982439752	1.38E-23	293	1.602E-19	0.000018	0.826227651	0.45	7E-10	0.1891	1660	4.93	1.75572E-08	-0.047317242	0.011437218	0.35
H2O	yes	0.5	2.00E-21	2.95921E-20	2.28E-08	8.87445E-09	8.85419E-12	78.4	-0.1591	110859836.2	-7.047138611	1.38E-23	293	1.602E-19	0.000018	0.998280409	0.45	7E-10	0.1891	1660	3.97	1.52488E-08	-0.051642568	0.012120928	0.43
H2O	yes	1	2.00E-21	2.95921E-20	2.28E-08	8.89401E-09	8.85419E-12	78.4	-0.1578	110859836.2	-7.118703277	1.38E-23	293	1.602E-19	0.000018	1.000460017	0.45	7E-10	0.1891	1660	2.14	1.12509E-08	-0.062029805	0.015104299	0.70
H2O	yes	2	2.00E-21	2.95921E-20	2.28E-08	8.88755E-09	8.85419E-12	78.4	-0.1575	110859836.2	-7.129371215	1.38E-23	293	1.602E-19	0.000018	0.623203322	0.45	7E-10	0.1891	1660	2.12	1.12427E-08	-0.064484095	0.015701919	0.70





